4.250277778 620.268616 36.886448 6.854701 31.892551 0.199756 0.124542
4.333611111 632.478638 36.886448 6.858119 31.15995 0.200244 0.148962
4.416944444 634.920654 36.959705 6.858119 32.161171 0.200244 0.148962
4.500277778 634.920654 36.959705 6.858119 34.896214 0.199756 0.151404
4.583611111 632.478638 36.849815 6.858119 30.52503 0.200733 0.151404
4.666944444 647.130676 36.923077 6.858119 30.598291 0.200733 0.156288
4.750277778 671.550659 36.923077 6.854701 31.672771 0.199756 0.178266
4.833611111 688.156311 36.959705 6.854701 31.819292 0.200244 0.18315
4.916944444 699.87793 36.923077 6.858119 30.793652 0.199756 0.192918
5.000277778 729.181946 36.923077 6.858119 32.039074 0.201221 0.21978
5.083611111 742.857117 36.923077 6.854701 31.721611 0.200244 0.214896
5.166944444 757.509155 36.923077 6.858119 30.915751 0.199756 0.23199
5.250277778 774.114746 36.959705 6.861538 31.062271 0.199267 0.234432
5.333611111 789.255188 37.069595 6.858119 30.036631 0.200244 0.25641
5.416944444 820.024414 37.142857 6.854701 30.06105 0.199756 0.275946
5.500277778 854.700867 37.106228 6.861538 32.258854 0.199756 0.278388
5.583611111 873.260071 37.142857 6.854701 30.231991 0.199756 0.300366
5.666944444 906.959717 36.996338 6.854701 31.330891 0.201221 0.32967
5.750277778 904.5177 36.959705 6.858119 30.207571 0.199756 0.322344
5.833611111 944.566528 36.959705 6.861538 30.74481 0.200244 0.34188
5.916944444 982.173401 36.996338 6.854701 31.868132 0.200244 0.363858
6.000277778 1000.732605 37.106228 6.858119 30.866911 0.199267 0.388278
6.083611111 1021.245422 37.032967 6.858119 30.08547 0.200244 0.412698
6.166944444 1043.223389 36.996338 6.854701 30.476191 0.199756 0.407814
6.250277778 1082.295532 37.032967 6.858119 31.404152 0.199756 0.449328
6.333611111 1106.715454 37.032967 6.858119 30.451771 0.200733 0.4884
6.416944444 1128.693481 36.923077 6.858119 30.476191 0.200244 0.490842
6.500277778 1175.579956 36.996338 6.854701 30.50061 0.200244 0.537241
6.583611111 1205.372437 37.142857 6.854701 31.501831 0.198779 0.529915
6.666944444 1221.978027 36.959705 6.858119 30.818071 0.199756 0.581197
6.750277778 1271.306519 36.959705 6.854701 31.819292 0.200244 0.605617
6.833611111 1272.283325 37.069595 6.854701 37.484737 0.200244 0.503053
6.916944444 1298.168457 36.996338 6.858119 29.816851 0.199267 0.632479
7.000277778 1321.611694 36.996338 6.858119 30.891331 0.200244 0.661783
7.083611111 1346.520142 37.032967 6.858119 32.112331 0.199756 0.683761
7.166944444 1339.682495 36.923077 6.854701 29.768009 0.199756 0.713065
7.250277778 1371.916992 37.032967 6.854701 32.673992 0.199756 0.722833
7.333611111 1378.266235 36.959705 6.858119 32.234432 0.200733 0.761905
7.416944444 1377.777832 36.996338 6.858119 31.770452 0.200244 0.781441
7.500277778 1371.916992 37.032967 6.854701 34.212456 0.199267 0.786325
7.583611111 1374.847412 36.886448 6.854701 32.576313 0.200244 0.842491
7.666944444 1373.870605 37.032967 6.854701 32.893772 0.199756 0.820513
7.750277778 1375.824219 36.959705 6.854701 32.576313 0.200733 0.874237
7.833611111 1379.731323 37.032967 6.858119 31.111111 0.198291 0.923077
7.916944444 1378.266235 37.069595 6.851282 31.965813 0.199756 0.908425
8.000277778 1374.847412 36.996338 6.854701 30.476191 0.199267 0.967033
8.083611111 1391.453003 37.069595 6.858119 30.96459 0.199756 0.989011
8.166944444 1402.197754 37.069595 6.854701 30.35409 0.199267 1.028083
8.250277778 1435.409058 36.923077 6.854701 31.550671 0.200733 1.069597
8.333611111 1428.571411 37.069595 6.854701 31.526251 0.199756 1.072039
8.416944444 1459.340698 36.996338 6.854701 31.13553 0.200733 1.137973
8.500277778 1488.15625 36.959705 6.854701 31.843712 0.200733 1.186813
8.583611111 1481.807129 36.996338 6.858119 33.455433 0.200244 1.142857
8.666944444 1495.4823 36.959705 6.854701 30.32967 0.200244 1.191697
8.750277778 1509.645874 36.996338 6.854701 34.017094 0.234432 1.199023
8.833611111 1526.739868 36.996338 6.854701 33.675213 0.269597 1.262515
8.916944444 1520.390747 36.996338 6.854701 35.433456 0.315995 1.311355
9.000277778 1523.80957 37.032967 6.854701 39.023197 0.342369 1.360195
9.083611111 1520.87915 36.996338 6.854701 38.68132 0.383883 1.428571
9.166944444 1520.390747 36.923077 6.854701 36.874237 0.343346 1.438339
9.250277778 1511.111084 36.959705 6.858119 34.285713 0.313065 1.396825
9.333611111 1521.855957 36.996338 6.851282 33.870575 0.336996 1.452991
9.416944444 1522.34436 37.032967 6.858119 39.12088 0.388278 1.494506
9.500277778 1575.091553 37.069595 6.851282 47.203907 0.282784 1.557998
9.583611111 1669.352905 36.996338 6.854701 1.660562 0.200733 1.272283
9.666944444 1896.94751 36.996338 6.858119 34.236874 0.200733 1.264957
9.750277778 1894.01709 36.959705 6.858119 35.579975 0.199756 1.306471
9.833611111 1893.040283 36.959705 6.858119 37.094017 0.199756 1.306471
9.916944444 1892.063477 36.959705 6.854701 36.410255 0.199756 1.340659
10.00027778 1890.109863 36.959705 6.854701 37.851036 0.200733 1.391941
10.08361111 1886.69104 36.959705 6.858119 40.122101 0.199756 1.350427
10.16694444 1887.179443 36.959705 6.858119 40.927959 0.201221 1.343101
10.25027778 1894.505493 36.959705 6.858119 43.833942 0.199267 1.316239
10.33361111 1891.08667 36.959705 6.858119 45.274727 0.199756 1.333333
10.41694444 1883.760742 36.996338 6.858119 46.837608 0.199267 1.326007
10.50027778 1894.505493 37.069595 6.858119 49.62149 0.200244 1.296703
10.58361111 1893.040283 36.996338 6.854701 49.694748 0.200733 1.294261
10.66694444 1891.08667 36.996338 6.858119 51.746033 0.199756 1.240537
10.75027778 1889.62146 36.996338 6.858119 51.843712 0.200244 1.240537
10.83361111 1891.575073 37.032967 6.858119 51.843712 0.200244 1.245421
10.91694444 1931.135498 36.996338 6.854701 18.75458 0.197802 1.184371
11.00027778 1994.627563 36.959705 6.858119 44.932846 0.199756 1.240537
11.08361111 2000 36.923077 6.858119 34.261295 0.201709 1.196581
11.16694444 1996.581177 37.032967 6.854701 32.893772 0.199756 1.189255
11.25027778 2000 36.959705 6.858119 35.140415 0.200244 1.174603
11.33361111 2000 36.959705 6.858119 38.021976 0.199756 1.123321
11.41694444 2000 36.959705 6.858119 38.144077 0.199267 1.128205
11.50027778 1995.60437 36.996338 6.858119 39.218559 0.200733 1.123321
11.58361111 1991.697144 37.032967 6.858119 37.973137 0.200733 1.111111
11.66694444 2000 36.959705 6.858119 37.606838 0.199756 1.098901
11.75027778 1998.53479 37.069595 6.858119 38.925518 0.199267 1.072039
11.83361111 2000 36.959705 6.858119 40.073261 0.201221 1.094017
11.91694444 2000 36.996338 6.858119 41.53846 0.213431 1.103785
12.00027778 1998.53479 37.106228 6.854701 66.495728 0.618803 1.167277
12.08361111 2000 36.996338 6.858119 35.702076 0.200244 0.915751
12.16694444 1986.324829 36.996338 6.854701 37.753357 0.199267 0.947497
12.25027778 2000 36.996338 6.854701 40.024422 0.200244 0.976801
12.33361111 1990.231934 37.069595 6.861538 40.293041 0.200733 1.042735
12.41694444 1996.092773 36.996338 6.858119 43.101341 0.199756 1.023199
12.50027778 2000 36.996338 6.861538 42.466423 0.200244 1.047619
12.58361111 1985.836426 37.032967 6.858119 40.43956 0.199756 1.032967
12.66694444 2000 37.032967 6.858119 43.296703 0.199756 1.045177
12.75027778 2000 36.996338 6.858119 43.150185 0.201709 1.045177
12.83361111 2000 36.996338 6.858119 45.763126 0.200244 1.018315
12.91694444 1987.301636 37.032967 6.858119 44.908424 0.197802 1.001221
13.00027778 2000 37.106228 6.858119 44.737484 0.199756 1.030525
13.08361111 1995.60437 36.959705 6.858119 46.642246 0.199756 0.962149
13.16694444 1992.67395 36.996338 6.854701 46.764347 0.199756 0.981685
13.25027778 1999.023193 36.996338 6.861538 48.156288 0.200244 0.949939
13.33361111 2000 37.069595 6.858119 47.838829 0.200244 0.945055
13.41694444 1999.511597 37.069595 6.854701 47.667889 0.199756 0.949939
13.50027778 1991.20874 36.959705 6.858119 48.986568 0.200244 0.927961
13.58361111 1996.581177 36.996338 6.858119 40.6105 0.199756 0.940171
13.66694444 1990.231934 37.032967 6.858119 43.418804 0.201221 0.891331
13.75027778 2000 36.996338 6.858119 39.975578 0.199756 0.866911
13.83361111 2000 36.959705 6.858119 42.515263 0.200733 0.884005
13.91694444 2000 37.069595 6.854701 44.932846 0.200244 0.842491
14 1998.53479 37.069595 6.861538 45.299145 0.199267 0.837607
