3.097 5 1 2 0.12 2 4
4.11 5.94 1.31 2 0.124 2.94 4.7
4.61 7.85 0.083 3 0.026 3.44 7.7
5.11 10.5 0.034 3.9 0.48 5.56 11.7
5.61 13.6 0.1 5.1 0.081 9.27 15.4
6.1 17.5 0.007 7.4 0.081 20.4 19.6
6.61 22.4 0.007 9.9 0.076 20.8 23.8
7.115 28.8 0.001 12.5 0.099 22.26 29.2
7.6 36.6 0.013 14.6 0.168 22.26 31.5
8.098 45.5 0.022 18.3 0.24 24.38 31.5
8.62 50.5 0.053 21.9 0.451 27.29 43.2
9.196 59.8 0.02 26.6 0.927 27.56 51.56
9.615 62.2 0.071 18 1.244 63.06 63.06
10.091 59.6 0.129 28.3 1.573 59.62 61.47
10.61 58 0.18 29.1 1.582 49.02 74.72
11.079 570 0.196 30.4 1.625 85.85 78.43
11.665 580 0.159 28 1.534 70.22 85.32
12.132 54 0.204 31.8 2.03 67.04 98.04
12.601 52 0.19 32.4 1.6 89.56 102.28
13.089 50.4 0.189 33.4 1.581 104.13 118
13.581 47.8 0.239 30.3 1.469 102.54 131.48
14 47.5 0.197 34.5 1.456 119.5 127.48
